Bus - Type - Vmag-  GenP  -  GenQ-  LoadP-    LoadQ-    G-    B
   1   3     1.060   0.0      0.0    232.4   -16.9    0.0    0.0
   2   2     1.045   21.7     12.7     40.0   42.4    0.0    0.0      
   3   2     1.010   94.2     19.0      0.0    23.4    0.0    0.0 
   4   0     1.019   47.8     -3.9      0.0     0.0     0.0    0.0
   5   0     1.020   7.6      1.6      0.0     0.0     0.0    0.0
   6   2     1.070   11.2      7.5      0.0    12.2     0.0    0.0
   7   0     1.062   0.0      0.0      0.0     0.0     0.0    0.0
   8   2     1.090   0.0      0.0      0.0    17.4     0.0    0.0
   9   0     1.056   29.5     16.6      0.0     0.0     0.0    0.19
  10   0     1.051   9.0      5.8      0.0     0.0     0.0    0.0
  11   0     1.057   3.5      1.8      0.0     0.0     0.0    0.0
  12   0     1.055   6.1      1.6      0.0     0.0     0.0    0.0
  13   0     1.050   13.5      5.8      0.0     0.0     0.0    0.0
  14   0     1.036   14.9      5.0      0.0     0.0     0.0    0.0
-999 